28031202001
28031202011
28031202021
8698686850518
8698686850525
8698686850532
8698686850556
8698686850884
8698686850891
9786051230375
9786051230399
9786051230405
9786051230412
9786051230429
9786051230436
9786051230726
9786051231006
9786051231020
9786051231044
9786051231105
9786051231112
9786051231129
9786051231136
9786051231143
9786051231150
9786051231167
9786051231174
9786051231181
9786051231235
9786051231242
9786051231259
9786051231266
9786051231273
9786051231297
9786051231488
9786051231501
9786051231525
9786051232058
9786051232072
9786051232089
9786051232157
9786051232164
9786051232171
9786051232188
9786051232201
9786051232225
9786051232348
9786051232713
9786051232720
9786051232737
9786051232744
9786051232751
9786051232768
9786051233529
9786051233536
9786051233697
9786051233833
9786051233840
9786051233857
9786051233871
9786051234243
9786051234250
9786051234267
9786051234274
9786051234281
9786051234298
9786051234304
9786051234311
9786051234328
9786051234335
9786051234359
9786051234403
9786051340005
9786051340012
9786051340067
9786051340111
9786051340128
9786051340135
9786051340173
9786051340180
9786051340197
9786051340272
9786051340319
9786051340326
9786051340364
9786051340395
9786051340401
9786051340418
9786051340432
9786051340449
9786051340456
9786051340463
9786051340470
9786051340487
9786051340494
9786051340517
9786051340524
9786051340531
9786051340548
9786051340555
9786051340562
9786051340579
9786051340586
9786051340593
9786051340609
9786051340616
9786051340623
9786051340630
9786051340647
9786051340890
9786051340906
9786051340944
9786051341187
9786051341194
9786051341200
9786051341224
9786051341231
9786051341392
9786051341408
9786051341415
9786051341422
9786051341439
9786051341446
9786051341453
9786051341460
9786051341477
9786051341484
9786051341491
9786051341507
9786051341514
9786051341521
9786051341538
9786051341545
9786051341958
9786051341965
9786051341972
9786051341989
9786051341996
9786051342009
9786051342016
9786051342023
9786051342047
9786051342054
9786051342061
9786051342078
9786051342085
9786051342092
9786051342108
9786051342184
9786051342191
9786051342207
9786051342214
9786051342238
9786051342245
9786051390031
9786051390055
9786051390376
9786051390437
9786051390444
9786051390543
9786051390550
9786051390703
9786051390710
9786051390727
9786051390918
9786051391083
9786051391090
9786051391281
9786051391465
9786051391694
9786051392080
9786051392110
9786051392127
9786051392141
9786051392165
9786051392189
9786051392264
9786051392738
9786051392943
9786051392950
9786051392967
9786051392981
9786051393223
9786051393261
9786051393278
9786051393292
9786051393315
9786051393322
9786051393353
9786051393360
9786051393377
9786051393384
9786051393391
9786051393407
9786051393414
9786051393421
9786051393438
9786051394008
9786051394008
9786051394022
9786051394060
9786051394152
9786051394169
9786051394176
9786051394183
9786051394190
9786051394237
9786053100058
9786053210030
9786053210115
9786053210122
9786053210139
9786053210146
9786053210153
9786053210160
9786053210177
9786053210184
9786053210191
9786053210412
9786053210429
9786053210436
9786053210443
9786053210450
9786053210467
9786053210474
9786053210481
9786053210498
9786053210504
9786053210528
9786053210832
9786053210849
9786053210856
9786053210863
9786053210917
9786053210924
9786053210931
9786053210948
9786053211181
9786053211327
9786053211402
9786053211419
9786053211488
9786053211495
9786053211501
9786053211518
9786053211549
9786053211556
9786053211563
9786053211617
9786053211631
9786053211655
9786053550075
9786053550136
9786053550259
9786053550464
9786053550631
9786053550648
9786053550662
9786053550761
9786053550853
9786053550884
9786053550914
9786053550990
9786053551010
9786053551058
9786053551072
9786053551096
9786053551133
9786053551300
9786053551317
9786053551324
9786053551331
9786053551348
9786053551355
9786053551379
9786053551409
9786053551416
9786053551423
9786053551430
9786053551447
9786053551782
9786053552048
9786053552079
9786053552086
9786053552093
9786053552109
9786053552116
9786053552215
9786053552277
9786053552284
9786053552291
9786053552307
9786053552321
9786053552451
9786053552710
9786053553021
9786053553311
9786053553328
9786053553557
9786053553588
9786053553595
9786053553601
9786053553618
9786053553625
9786053553632
9786053553649
9786053553656
9786053553786
9786053553892
9786053554066
9786053554486
9786053730002
9786053730019
9786053730026
9786053730033
9786053730057
9786053730064
9786053730071
9786053730088
9786053730286
9786053730293
9786053730538
9786053730644
9786053730675
9786053730705
9786053731016
9786053731023
9786053731030
9786053731047
9786053731054
9786053731061
9786053731108
9786053731283
9786053731375
9786053731382
9786053731511
9786053731542
9786053731658
9786053731665
9786053731672
9786053731689
9786053731818
9786053731962
9786053731979
9786053731986
9786053731993
9786053732006
9786053732112
9786053732129
9786053732136
9786053732143
9786053732150
9786053732181
9786053732273
9786053732280
9786053732358
9786053732365
9786053732372
9786053732389
9786053732396
9786053732402
9786053732686
9786053733126
9786053733157
9786053733171
9786053733416
9786053733423
9786053733478
9786053733614
9786053733621
9786053733645
9786053733652
9786053733669
9786053733676
9786053733683
9786053733690
9786053733706
9786053733713
9786053733720
9786053733737
9786053733744
9786053733751
9786053734062
9786053734079
9786053734086
9786053734154
9786053734161
9786053734215
9786053734222
9786053734239
9786053734246
9786053734253
9786053734413
9786053734420
9786053734437
9786053734444
9786053734451
9786053734468
9786053734475
9786053734482
9786053734499
9786053734505
9786053734512
9786053734529
9786053740100
9786053740117
9786053740124
9786053740131
9786053740155
9786053740162
9786053740179
9786053740186
9786053740193
9786053740216
9786053740223
9786053740230
9786053740261
9786053740278
9786053740346
9786053740360
9786053740377
9786053740384
9786053740414
9786053740445
9786053740469
9786053740476
9786053740704
9786053740711
9786053740728
9786053740735
9786053740742
9786053740759
9786053740766
9786053740797
9786053740803
9786053741275
9786053741282
9786053741299
9786053741305
9786053741312
9786053741329
9786053741343
9786053741350
9786053741565
9786053741572
9786053741589
9786053741596
9786053741633
9786053741855
9786053741886
9786053742142
9786053742166
9786053742210
9786053742456
9786053742494
9786053742500
9786053742517
9786053742579
9786053742647
9786053742777
9786053742784
9786053742791
9786053742937
9786053742968
9786053742975
9786053742999
9786053743071
9786053743101
9786053743194
9786053743224
9786053743231
9786053743255
9786053743262
9786053743316
9786053743354
9786053743620
9786053743712
9786053743781
9786053743859
9786053744054
9786053744061
9786053744115
9786053744290
9786053744306
9786053744313
9786053744320
9786053744337
9786053744351
9786053744368
9786053744412
9786053744467
9786053744504
9786053744542
9786053744566
9786053744610
9786053744627
9786053744634
9786053745044
9786053745099
9786053745105
9786053745167
9786053745174
9786053745181
9786053745266
9786053745310
9786053746188
9786053746201
9786053746218
9786053746287
9786053746300
9786053746324
9786053746331
9786054045778
9786054045846
9786054045860
9786054045877
9786054045884
9786054045891
9786054045907
9786054045914
9786054045921
9786054045945
9786054045952
9786054045969
9786054045976
9786054131211
9786054131235
9786054131334
9786054131358
9786054131440
9786054131556
9786054131594
9786054131945
9786054210091
9786054210169
9786054210176
9786054210220
9786054210237
9786054210268
9786054210275
9786054210305
9786054210312
9786054328291
9786054328710
9786054328758
9786054328994
9786054390014
9786054390151
9786054390175
9786054390243
9786054390328
9786054390496
9786054390694
9786054390700
9786054390717
9786054390755
9786054390854
9786054390861
9786054390908
9786054390991
9786054391240
9786054391370
9786054391387
9786054391622
9786054391646
9786054391721
9786054391738
9786054391745
9786054414611
9786054414628
9786054414680
9786054414871
9786054414918
9786054414932
9786054520596
9786054520626
9786054520718
9786054520725
9786054520749
9786054520794
9786054520800
9786054520817
9786054520824
9786054520831
9786054520848
9786054520855
9786054520862
9786054520879
9786054520886
9786054520893
9786054520909
9786054520916
9786054520923
9786054520930
9786054520947
9786054520954
9786054520961
9786054520992
9786054705221
9786054705238
9786054705269
9786054705276
9786054705283
9786054705306
9786054705542
9786054705559
9786054705566
9786054705573
9786054705580
9786054705597
9786054705634
9786054705641
9786054705658
9786054705665
9786054705672
9786054705689
9786054705696
9786054705702
9786054705719
9786054705726
9786054719006
9786054719013
9786054719037
9786054719044
9786054719051
9786054719068
9786054719075
9786054719112
9786054719129
9786054719150
9786054719167
9786054719198
9786054719204
9786054719273
9786054719280
9786054719297
9786054719310
9786054719334
9786054719341
9786054719358
9786054719365
9786054719372
9786054719389
9786054719396
9786054719402
9786054719419
9786054719426
9786054719433
9786054719440
9786054719457
9786054719501
9786054719549
9786054719563
9786054719570
9786054719587
9786054719594
9786054719600
9786054719617
9786054719624
9786054800254
9786054800346
9786054800353
9786054800360
9786054800377
9786054800384
9786054800391
9786054800407
9786054800414
9786054800421
9786054800438
9786054800445
9786054800452
9786054800469
9786054800476
9786054800490
9786054800506
9786054800773
9786054800780
9786054800803
9786054800810
9786054800827
9786054800834
9786054800841
9786054800896
9786054800902
9786055259006
9786055259013
9786055259020
9786055259037
9786055259044
9786055259051
9786055259068
9786055259075
9786055259082
9786055259099
9786055259747
9786055259754
9786055259761
9786055259853
9786055259945
9786055259952
9786055259990
9786055320034
9786055320218
9786055320232
9786055320317
9786055320478
9786055320546
9786055320553
9786055320560
9786055320577
9786055320645
9786055320652
9786055320676
9786055320683
9786055320690
9786055320706
9786055320713
9786055320720
9786055320737
9786055320744
9786055320751
9786055320768
9786055320775
9786055320782
9786055320805
9786055320829
9786055320850
9786055320867
9786055320911
9786055320928
9786055320935
9786055320980
9786055320997
9786055351014
9786055351021
9786055351038
9786055351045
9786055351052
9786055351168
9786055351182
9786055351199
9786055351205
9786055351229
9786055351236
9786055351243
9786055351250
9786055351267
9786055351274
9786055351281
9786055351298
9786055351311
9786055351328
9786055351335
9786055351342
9786055351380
9786055351427
9786055351458
9786055351489
9786055351496
9786055351526
9786055351533
9786055351540
9786055351557
9786055351564
9786055351625
9786055351830
9786055351847
9786055351922
9786055351939
9786055374075
9786055374099
9786055374105
9786055374112
9786055374167
9786055374174
9786055374181
9786055374204
9786055374297
9786055374303
9786055374327
9786055374341
9786055374525
9786055374723
9786055526580
9786055526597
9786055526634
9786055526702
9786055526719
9786055536145
9786055536152
9786055536169
9786055536176
9786055536183
9786055536190
9786055536206
9786055536213
9786055536220
9786055536237
9786055536244
9786055536251
9786055536657
9786055536671
9786055536695
9786055536800
9786055536817
9786055536886
9786055631055
9786055631079
9786055631086
9786055631093
9786055631109
9786055631116
9786055631123
9786055631161
9786055631192
9786055631284
9786055811273
9786055811303
9786055811457
9786055811471
9786055811631
9786055811648
9786055811815
9786055818647
9786055818654
9786055818661
9786055818678
9786055818685
9786055818708
9786055818722
9786055818739
9786055818746
9786055818760
9786055818777
9786055818784
9786055818852
9786055818869
9786055818876
9786055818913
9786055818920
9786055818937
9786055818944
9786055818982
9786055818999
9786055933272
9786055933289
9786055933326
9786055933333
9786055933357
9786055933364
9786055933371
9786055933388
9786055933395
9786055933579
9786055933586
9786055933593
9786055933623
9786055933647
9786055933685
9786055933715
9786055933722
9786055933753
9786055933760
9786055933777
9786055933784
9786055933791
9786055933807
9786055933814
9786055933821
9786055933845
9786055933913
9786055933944
9786055933999
9786056016783
9786056016790
9786058928206
9786058928213
9786058928220
9786058928299
9786059009171
9786059009300
9786059009584
9786059009591
9786059009607
9786059009614
9786059009713
9786059009720
9786059009737
9786059009850
9786059009959
9786059044332
9786059044349
9786059044356
9786059044363
9786059044370
9786059044387
9786059044400
9786059044417
9786059044424
9786059044431
9786059044639
9786059044653
9786059044660
9786059044684
9786059044684
9786059044691
9786059044707
9786059044714
9786059044738
9786059044745
9786059044752
9786059044776
9786059044806
9786059044806
9786059224000
9786059224017
9786059224024
9786059224031
9786059224048
9786059224055
9786059224062
9786059805209
9786059805285
9786059805308
9786059805339
9786059805360
9786059805438
9786059805469
9786059805476
9786059805483
9786059805490
9786059805506
9786059805513
9786059805520
9786059805537
9786059805544
9786059805551
9786059805568
9786059805575
9786059805582
9786059805599
9786059805612
9786059805643
9786059805650
9786059805667
9786059805995
9786059887694
9786059887700
9786059887717
9786059887724
9786059887731
9786059887748
9786059887755
9786059887762
9786059887779
9786059887786
9786059887793
9786059887816
9786059887830
9786059887847
9786059887854
9786059887885
9786059887892
9786059959186
9786059959193
9786059959278
9786059959322
9786059959384
9786059959407
9786059993319
9786059993326
9786059993340
9786059993357
9786059993364
9786059993371
9786059993470
9786059993487
9786059993494
9786059993500
9786059993517
9786059993524
9786059993531
9786059993555
9786059993562
9786059993609
9786059993623
9786059993630
9786059993647
9786059993654
9786059993661
9786059993678
9786059993685
9786059993692
9786059993708
9786059993715
9786059993722
9786059993739
9786059993753
9786059993760
9786059993777
9786059993791
9786059993814
9786059993821
9786059993838
9786059993845
9786059993852
9786059993869
9786059993876
9786059993883
9786059993890
9786059993906
9786059993913
9786059993920
9786059993937
9786059993975
9786059993982
9789750199349
9789750199394
9789755894218
9789755894225
9789755894232
9789755894263
9789755894270
9789755894300
9789755894362
9789755894379
9789755894485
9789755894676
9789755894690
9789755894775
9789755895208
9789755895550
9789755895758
9789755895765
9789755895796
9789755895819
9789755895901
9789755895918
9789755895925
9789755895949
9789755895956
9789755895963
9789755895970
9789755896038
9789755896045
9789755896052
9789755896069
9789755896083
9789755896090
9789755896106
9789755896120
9789755896168
9789755896205
9789755896212
9789755896236
9789755896250
9789755896274
9789755896298
9789755896311
9789755896328
9789755896359
9789755896380
9789755896526
9789755896588
9789755896786
9789755896830
9789755896847
9789755896861
9789755896878
9789755896908
9789755896915
9789755896922
9789755896939
9789755896946
9789755897134
9789755897196
9789755897240
9789755897363
9789755897417
9789755897424
9789755897431
9789755897448
9789755897479
9789755897493
9789755897509
9789755897516
9789755897608
9789755897691
9789755897776
9789755897783
9789755897936
9789755898087
9789755898124
9789755898131
9789755898162
9789755898179
9789755898186
9789755898193
9789755898209
9789755898223
9789755898230
9789755898247
9789755898254
9789755898261
9789755898285
9789755898292
9789755898315
9789755898322
9789755898346
9789755898353
9789755898513
9789755898629
9789755898643
9789755898674
9789755898759
9789755898773
9789755898858
9789755898964
9789755899138
9789755899183
9789755899206
9789755899213
9789755899220
9789755899244
9789755899268
9789755899275
9789755899282
9789755899312
9789755899480
9789755899503
9789755899558
9789755899602
9789755899619
9789755899626
9789755899633
9789755899640
9789755899657
9789755899664
9789755899671
9789755899688
9789755899695
9789755899701
9789755899718
9789755899725
9789755899725
9789755899756
9789755899763
9789755899770
9789755899787
9789755899923
9789755899930
9789756013151
9789756682791
9789756682852
9789756682890
9789756682982
9789759200404
9789759200411
9789759200459
9789759200466
9789759200473
9789759200497
9789944646031
9789944646048
9789944646055
9789944646062
9789944646079
9789944646130
9789944646147
9789944646154
9789944646161
9789944646178
9789944646185
9789944646192
9789944646208
9789944646215
9789944646222
9789944646239
9789944646246
9789944646253
9789944646277
9789944646284
9789944646291
9789944646307
9789944646321
9789944646338
9789944646345
9789944646352
9789944646369
9789944646376
9789944646383
9789944646390
9789944646406
9789944646413
9789944646420
9789944646512
9789944646529
9789944780223
9789944875691
9789944875707
9789944875721
9789944875738
9789944875745
9789944875769
9789944875776
9789944875806
9789944875813
9789944875851
9789944875882
9789944875912
9789944875936
9789944875981
9789944875998
9789944876087
9789944876094
9789944876117
9789944876452
9789944876469
9789944876483
9789944876490
9789944876506
9789944876599
9789944876674
9789944876681
9789944876698
9789944876704
9789944876711
9789944876728
9789944876735
9789944876766
9789944876773
9789944876780
9789944876797
9789944876810
9789944876827
9789944876995
9789944877640
9789944877695
9789944877770
9789944877985
9789944877992
9789944878005
9789944878012
9789944878029
9789944878173
9789944878210
9789944878241
9789944878371
9789944878463
9789944878548
9789944878944
9789944878968
9789944878975
9789944879071
9789944879125
9789944879521
9789944879538
9789944879644
9789944879651
9789944879668
9789944879675
9789944879798